5	5	2.371188138025783
5	10	2.370485981167561
5	15	2.375153324915296
5	25	2.3764146110367417
5	50	2.3743272400957345
5	75	2.3738706185201055
10	5	2.3579906907224544
10	10	2.3607196983767107
10	15	2.3912001758570223
10	25	2.377697508270764
10	50	2.375605572272505
10	75	2.372461859492849
15	5	2.374777268003178
15	10	2.3790372400343274
15	15	2.3693687998084885
15	25	2.379114042882002
15	50	2.3815020040601294
15	75	2.373504442669763
25	5	2.377434425520696
25	10	2.3894458990437233
25	15	2.3701915948864394
25	25	2.3889740311615353
25	50	2.3866658788994553
25	75	2.3678062034327936
50	5	2.359412421782278
50	10	2.384297278526327
50	15	2.39140187397119
50	25	2.3613542345444647
50	50	2.389646881833836
50	75	2.3651797873639215
75	5	2.3536410002009287
75	10	2.3991482883541564
75	15	2.368755933147621
75	25	2.3749231770198267
75	50	2.3785417174210517
75	75	2.3793925638932403
k1: 5, k2: 5
k1: 5, k2: 10
k1: 5, k2: 15
k1: 5, k2: 25
k1: 5, k2: 50
k1: 5, k2: 75
k1: 10, k2: 5
k1: 10, k2: 10
k1: 10, k2: 15
k1: 10, k2: 25
k1: 10, k2: 50
k1: 10, k2: 75
k1: 15, k2: 5
k1: 15, k2: 10
k1: 15, k2: 15
k1: 15, k2: 25
k1: 15, k2: 50
k1: 15, k2: 75
k1: 25, k2: 5
k1: 25, k2: 10
k1: 25, k2: 15
k1: 25, k2: 25
k1: 25, k2: 50
k1: 25, k2: 75
k1: 50, k2: 5
k1: 50, k2: 10
k1: 50, k2: 15
k1: 50, k2: 25
k1: 50, k2: 50
k1: 50, k2: 75
k1: 75, k2: 5
k1: 75, k2: 10
k1: 75, k2: 15
k1: 75, k2: 25
k1: 75, k2: 50
k1: 75, k2: 75
